55
2
4

3 3 5 3
3 5 5 5

13 14 15 18 23 5 6 8 9 11 6 8 9 10 12 3 4 5 6 7 3 4 5 6 8 12 15 16 19 23 5 7 8 10 11 15 17 18 20 22 8 9 11 14 15 9 10 12 15 17 5 7 8 10 11 16 18 19 21 25 10 11 14 17 21 6 7 8 10 13 11 14 16 19 24 9 11 13 15 18 14 17 19 20 25 5 6 7 8 9 11 12 15 17 20 3 4 5 6 7 15 17 20 22 27 3 4 5 6 8 5 7 8 10 12 6 7 8 9 11 11 14 16 21 22 11 12 14 15 19 3 4 5 6 8 4 5 6 8 9 4 5 7 8 10 12 14 17 22 26 6 8 9 11 14 4 5 6 8 9 8 10 12 14 17 3 4 5 6 7 15 17 20 24 29 7 9 10 12 13 4 5 7 9 10 16 17 18 20 26 10 11 13 17 21 15 17 18 23 28 10 11 14 17 20 9 10 11 14 18 17 19 20 21 23 13 14 15 17 21 10 12 14 18 21 7 9 10 13 17 3 4 5 6 7 17 19 20 24 27 9 11 13 16 19 7 9 11 13 16 4 5 6 7 8 11 12 13 14 17 14 16 19 25 26 12 14 17 21 24 4 5 6 7 9 15 18 19 23 25 6 7 8 10 12 11 12 13 14 15 7 9 11 13 17 8 10 12 14 15 8 9 10 12 14 10 12 14 15 18 3 4 5 6 8 5 6 8 10 13 14 17 18 19 24 4 5 7 8 9 4 5 6 7 8 3 4 5 6 8 5 7 9 10 11 15 17 18 20 25 12 14 16 19 22 10 12 15 16 19 4 5 6 7 9 7 8 10 12 14 6 8 10 11 12 11 12 13 17 20 3 4 5 6 8 15 18 19 24 31 13 15 16 17 19 12 14 16 20 22 7 8 9 12 14 11 13 15 18 21 10 11 13 17 21 3 4 5 6 7 8 10 12 13 15 8 10 11 13 16 13 16 19 22 28 12 13 16 21 26 9 10 12 15 19 3 4 5 6 7 14 15 16 19 20 4 5 7 9 10 3 4 5 6 8 12 13 14 17 22 11 14 17 18 20 11 14 15 17 18 7 8 9 10 12 4 5 6 8 9 13 14 17 20 24 5 6 8 10 13 10 11 13 17 21 12 15 17 21 22 9 10 12 14 18 11 12 15 18 20 4 5 7 8 10 10 12 13 15 17 11 12 15 16 21 3 4 5 6 8 16 17 19 22 27 11 14 17 22 23 5 7 8 10 11 12 13 16 20 21 16 19 20 25 29 5 6 8 9 12 4 5 6 8 9 4 5 7 8 10 11 13 14 17 19 9 11 13 15 19 7 8 9 10 12 8 9 11 13 16 9 11 12 13 15 12 13 15 19 22 5 7 9 12 13 11 12 14 18 23 6 8 9 11 13 12 13 16 19 24 4 5 6 8 9 4 5 7 8 10 3 4 5 6 8 16 19 20 26 29 11 14 15 16 20 13 15 16 21 26 11 13 14 15 16 9 10 12 14 15 10 11 12 13 15 8 9 11 14 15 14 15 16 17 22 17 19 20 25 30 12 15 17 20 23 3 4 5 6 7 13 16 19 25 32 4 5 6 8 10 5 6 8 9 12 10 12 15 19 24 5 6 8 9 12 4 5 7 9 12 17 19 20 23 27 5 6 7 8 9 12 15 16 17 19 12 15 18 20 24 17 18 20 24 30 5 7 8 10 11 12 15 16 19 22 4 5 7 8 9 11 13 14 17 20 7 9 11 13 14 10 12 15 19 21 9 11 14 18 19 3 4 5 6 8 10 12 14 16 21 3 4 5 6 7 9 11 13 15 18 12 13 16 17 20 8 10 12 14 16 11 13 15 18 19 13 15 17 21 27 5 6 8 9 11 12 13 14 17 22 8 10 11 13 16 16 17 20 21 25 12 15 17 21 24 8 9 10 11 12 12 13 16 19 20 4 5 6 7 9 11 13 14 15 18 13 15 18 21 22 10 11 14 15 16 12 14 16 17 20 13 14 17 21 23 11 12 15 17 21 4 5 6 7 8 9 11 13 14 18 9 11 13 15 19 3 4 5 6 8 9 10 12 15 18 10 12 14 15 18 15 18 20 23 26 7 8 9 10 13 7 9 10 12 15 3 4 5 6 7 3 4 5 6 8 5 6 7 8 10 5 6 7 9 11 11 12 13 17 20 15 16 17 20 22 12 13 15 18 20 4 5 6 7 9 16 18 19 23 29 16 18 20 26 33 3 4 5 6 8 9 11 12 13 16 3 4 5 6 8 3 4 5 6 8 13 14 17 19 25 10 12 14 15 18 5 7 8 9 12 11 13 15 16 17 13 16 18 22 28 13 14 17 20 25 15 16 18 21 26 13 15 16 17 19 11 12 15 18 22 9 10 12 14 15 15 16 17 18 21 3 4 5 6 7 13 15 17 19 21 12 14 15 19 23 5 6 7 8 10 9 11 12 15 18 11 12 14 16 17 4 5 6 7 8 11 13 16 17 22 11 13 14 18 22 6 7 9 12 14 8 9 11 13 14 5 6 8 9 10 10 11 14 17 22 5 6 7 9 10 9 10 11 13 17 16 18 19 21 23 4 5 7 9 10 3 4 5 6 7 9 11 13 15 17 14 15 18 23 26 3 4 5 6 8 7 9 11 12 15 4 5 7 8 9 11 12 15 19 25 5 6 7 8 9 4 5 6 7 9 14 15 16 18 19 5 6 7 8 9 10 12 15 18 20 12 13 16 21 23 12 13 14 17 19 8 10 11 12 13 12 15 17 21 22 8 9 10 13 15 5 6 7 9 11 15 16 19 21 25 3 4 5 6 7 9 10 12 15 16 5 6 8 10 13 4 5 6 7 8 12 14 16 21 23 13 16 17 19 24 4 5 7 8 10 16 18 20 23 25 5 6 7 8 9 13 16 19 23 26 12 13 14 16 21 9 11 12 14 17 4 5 6 8 10 16 18 20 23 30 5 6 8 9 10 13 16 19 22 23 8 10 12 15 18 10 11 12 15 16 16 18 19 24 30 8 10 11 14 15 3 4 5 6 7 10 12 14 15 19 11 12 14 16 18 12 13 16 20 25 6 7 9 10 12 5 6 8 9 11 6 8 9 11 14 13 16 17 18 23 3 4 5 6 8 10 11 12 13 16 9 10 12 13 16 16 17 20 24 27 14 17 19 23 28 16 18 20 21 25 13 15 17 22 26 3 4 5 6 7 16 18 20 25 30 4 5 6 8 9 16 17 20 25 26 4 5 6 7 8 11 12 15 19 25 4 5 7 8 9 11 13 14 18 23 16 18 20 22 26 9 10 11 14 15 9 10 12 15 19 16 19 20 24 26 11 14 15 17 22 14 15 17 21 27 14 15 16 17 21 14 16 17 18 20 13 14 15 18 19 11 14 17 22 27 10 12 15 19 22 15 18 19 20 26 14 15 16 18 20 14 15 17 21 24 11 12 15 18 22 6 7 8 10 12 6 8 9 12 15 4 5 6 7 9 13 15 18 19 24 8 9 10 12 15 7 8 9 12 15 3 4 5 6 8 10 11 13 15 17 7 8 10 12 14 13 14 15 16 18 11 13 16 19 22 9 10 11 14 18 14 17 20 24 31 7 8 10 11 12 5 6 8 9 11 7 9 11 13 16 6 8 9 12 14 16 18 19 24 27 11 13 16 17 18 7 9 10 11 14 3 4 5 6 7 4 5 6 7 8 5 6 8 10 13 6 8 9 11 14 9 11 13 15 19 11 14 15 18 21 3 4 5 6 7 10 12 15 17 20 9 11 12 14 16 4 5 7 9 10 10 11 12 15 16 9 10 11 12 14 12 14 16 18 22 16 18 19 21 24 7 9 10 12 13 5 7 8 10 13 9 11 12 15 18 7 9 11 12 14 14 16 19 25 32 9 11 12 13 14 3 4 5 6 8 3 4 5 6 7 12 13 16 21 25 14 17 19 22 28 12 14 17 20 25 4 5 6 7 9 4 5 6 8 10 11 14 16 19 21 7 8 9 10 11 6 7 9 10 12 18 19 20 23 30 15 17 20 26 29 13 16 19 23 26 17 19 20 21 24 14 15 18 22 28 4 5 6 7 8 4 5 6 8 10 4 5 6 7 8 10 11 13 14 17 8 9 10 12 14 3 4 5 6 7 16 19 20 23 25 11 14 17 21 23 14 15 18 20 26 9 10 12 14 16 4 5 7 8 10 17 18 20 26 34 7 9 11 12 13 5 7 8 9 11 11 13 14 17 18 6 8 9 10 11 11 12 14 17 19 6 8 9 12 13 9 11 13 14 17 4 5 6 7 9 4 5 7 9 11 10 12 14 16 18 13 14 15 16 17 9 11 14 17 21 4 5 6 7 9 7 9 10 13 17 4 5 7 8 9 4 5 6 7 8 3 4 5 6 7 9 11 13 14 15 15 18 20 26 33 5 6 7 9 10 12 15 17 22 27 12 13 14 16 19 11 13 14 16 21 4 5 6 7 8 13 15 17 20 25 9 10 12 15 19 4 5 7 8 10 11 12 15 19 20 10 11 12 15 16 5 7 9 12 15 13 16 17 18 22 10 12 14 18 19 12 15 17 20 24 12 13 14 18 22 4 5 6 7 8 11 14 15 18 19 17 18 20 25 29 6 8 10 13 16 13 14 17 21 24 9 11 14 15 16 10 11 13 15 19 15 17 20 24 25 10 12 13 16 21 4 5 7 9 12 10 11 14 15 18 10 11 12 14 15 13 14 16 19 25 3 4 5 6 7 13 16 18 19 22 4 5 6 8 9 10 11 12 14 15 15 16 19 22 25 5 6 7 8 9 11 12 14 16 19 5 6 8 9 12 12 15 18 22 27 16 18 20 24 29 4 5 7 8 10 6 7 8 9 10 8 10 12 15 17 6 8 10 12 13 5 6 7 9 11 16 17 18 21 26 4 5 6 8 9 9 11 12 15 17 

6 6 6 6 6 6 6 6 6 6 6 6 6 6 6 6 6 6 6 6 6 6 6 6 6 6 6 6 6 6 6 6 6 6 6 6 6 6 6 6 6 6 6 6 6 6 6 6 6 6 6 6 6 6 6

